4025167800837403
4144024264628891
4222791805888714
4434839548620573
4471049746507523
4676122202972995
5114170586492087
5133079244026855
5136338750047433
5171678684335321
5226018159083012
5229841537760200
5230435205617482
5243198296572496
5249920707413745
5287574911862529
5287706589481139
5318746331912844
5318818174143330
5350201462016840
5351402614014191
5352882001826332
5360189555979719
5360313721590107
5361318609139090
5384268465632121
5386579754323190
5399075116372657
5403340187801750
5417034236671272
5421993518190935
5424504000883874
5428159013962458
5434072247045580
5437261675136139
5457117777412155
5460308246281942
5489834788783844
5495289078666617
5514852538885395
5520868288909310
5531240234483476
5532686563551508
5533801412690600
5541252427316726
5547280385280844
5577617409319251
5584777183417043
5595755131373531
5598682828807299
