197608092016031704
197611102009031995
197611232014031642
197701242018032630
197705172011032268
197706142008031390
197707132007032948
197903172008032088
197907122017032124
197911282014032051
198006072010032033
198101202009032054
198112012014032382
198205162017031172
198205252014031975
198207132019032977
198208112019032143
198209082005032722
198210012005032472
198306212012032539
198307172015031792
198309212018031102
198401052006032727
198405092013032672
198411242017032340
198501112015032123
198607012017031737
198704012014031211
198805282006032105
198811022009032056
198903042005031287
199004102011031477
199010162005031401
199011152017032745
199108152012031230
199109212011031278
199201012009031584
199202112012032265
199203062020032352
199204082007031351
199304012018032424
199408202010031497
199503032011032564
199505022005031511
199607122012032035
199611142007032234
199701062017032920
199706232018032699
199706242008031954
199809072017032347
